20.0 -71.0 18060.0 -1769.0 595.0 -149.0
-12.0 -23.0 18248.0 -1766.0 616.0 -129.0
16.0 -3.0 18144.0 -1761.0 636.0 -132.0
12.0 -55.0 18116.0 -1773.0 624.0 -129.0
-12.0 -19.0 18160.0 -1777.0 655.0 -135.0
32.0 13.0 18124.0 -1784.0 623.0 -138.0
48.0 -111.0 18156.0 -1790.0 645.0 -127.0
12.0 -11.0 18116.0 -1779.0 639.0 -158.0
8.0 -103.0 18224.0 -1787.0 611.0 -123.0
32.0 -15.0 18236.0 -1772.0 642.0 -125.0
-16.0 -27.0 18168.0 -1777.0 619.0 -148.0
-12.0 -15.0 18144.0 -1759.0 620.0 -146.0
-56.0 -103.0 17956.0 -1780.0 638.0 -156.0
-4.0 -51.0 18124.0 -1778.0 641.0 -150.0
36.0 -19.0 18012.0 -1772.0 649.0 -135.0
0.0 -47.0 18152.0 -1757.0 660.0 -136.0
-4.0 9.0 17980.0 -1800.0 615.0 -128.0
12.0 -87.0 18028.0 -1777.0 623.0 -142.0
-28.0 -23.0 18056.0 -1763.0 629.0 -134.0
-140.0 17.0 18280.0 -1771.0 618.0 -144.0
16.0 5.0 18196.0 -1769.0 612.0 -134.0
8.0 1.0 18132.0 -1802.0 645.0 -124.0
-64.0 -39.0 18112.0 -1790.0 624.0 -137.0
-28.0 5.0 18116.0 -1776.0 634.0 -150.0
-40.0 -39.0 18148.0 -1773.0 612.0 -147.0
-32.0 5.0 18224.0 -1757.0 652.0 -144.0
64.0 -59.0 18052.0 -1780.0 611.0 -135.0
-12.0 17.0 18120.0 -1764.0 646.0 -156.0
-28.0 -47.0 18160.0 -1764.0 616.0 -138.0
-60.0 49.0 18180.0 -1770.0 634.0 -126.0
-8.0 -19.0 18224.0 -1735.0 751.0 -148.0
-56.0 33.0 18148.0 -1758.0 706.0 -153.0
-20.0 -87.0 18044.0 -1743.0 748.0 -171.0
116.0 33.0 18100.0 -1686.0 870.0 -301.0
0.0 37.0 18108.0 -1745.0 696.0 -261.0
24.0 69.0 18128.0 -1752.0 749.0 -156.0
700.0 -439.0 18144.0 -1722.0 956.0 -201.0
1568.0 -731.0 18040.0 -1763.0 620.0 359.0
1092.0 -331.0 18016.0 -1778.0 747.0 774.0
1364.0 -119.0 17832.0 -1866.0 723.0 790.0
1472.0 -63.0 17996.0 -1781.0 775.0 571.0
1780.0 265.0 18204.0 -1721.0 585.0 57.0
1804.0 177.0 18000.0 -1690.0 378.0 -522.0
2152.0 41.0 18056.0 -1750.0 190.0 -393.0
580.0 161.0 18228.0 -1806.0 366.0 -115.0
532.0 289.0 18108.0 -1824.0 437.0 298.0
-60.0 437.0 18264.0 -1802.0 636.0 651.0
-708.0 497.0 18128.0 -1800.0 550.0 807.0
-1056.0 393.0 18156.0 -1764.0 584.0 1102.0
304.0 629.0 18200.0 -1718.0 744.0 1483.0
956.0 993.0 17832.0 -1848.0 715.0 1422.0
1024.0 1033.0 18080.0 -1788.0 463.0 864.0
1288.0 665.0 18208.0 -1669.0 746.0 -102.0
2076.0 801.0 18096.0 -1622.0 818.0 -1292.0
1580.0 853.0 17824.0 -1688.0 661.0 -2331.0
1704.0 1005.0 17792.0 -1772.0 902.0 -2665.0
1252.0 1161.0 17876.0 -1763.0 693.0 -2597.0
732.0 1261.0 18264.0 -1749.0 242.0 -2150.0
432.0 1049.0 17612.0 -1783.0 518.0 -1932.0
-704.0 1669.0 17824.0 -1801.0 116.0 -1982.0
-1684.0 1889.0 18080.0 -1978.0 129.0 -1819.0
-1472.0 2337.0 17976.0 -1948.0 574.0 -1509.0
-1708.0 1765.0 18168.0 -1773.0 530.0 -1216.0
-1868.0 1029.0 18192.0 -1718.0 461.0 -1060.0
-1312.0 873.0 18220.0 -1714.0 664.0 -1029.0
-900.0 901.0 18148.0 -1595.0 679.0 -1243.0
-1296.0 -83.0 18100.0 -1575.0 600.0 -1741.0
-808.0 949.0 17964.0 -1776.0 877.0 -1922.0
-1004.0 553.0 18208.0 -1687.0 617.0 -1535.0
-1452.0 789.0 18036.0 -1670.0 542.0 -957.0
-1244.0 401.0 18468.0 -1830.0 468.0 -473.0
-1244.0 1797.0 18180.0 -1881.0 824.0 -319.0
-1324.0 765.0 17732.0 -1961.0 666.0 -266.0
-1344.0 329.0 18308.0 -1728.0 1075.0 12.0
-1436.0 405.0 18216.0 -1701.0 552.0 430.0
-1612.0 553.0 18104.0 -1888.0 531.0 899.0
-1824.0 297.0 18548.0 -1803.0 440.0 1141.0
-1520.0 -163.0 17932.0 -1882.0 446.0 1040.0
-1292.0 -619.0 18344.0 -1856.0 545.0 898.0
-1116.0 -263.0 18092.0 -1723.0 722.0 745.0
-900.0 -55.0 18116.0 -1742.0 867.0 798.0
-1000.0 -683.0 18048.0 -1885.0 495.0 780.0
-704.0 -235.0 18236.0 -1888.0 526.0 740.0
-1236.0 441.0 17916.0 -1866.0 572.0 777.0
-1340.0 -615.0 18356.0 -2011.0 718.0 822.0
-1172.0 -399.0 18228.0 -1723.0 556.0 805.0
-1440.0 225.0 17804.0 -1785.0 865.0 868.0
-1568.0 -727.0 17908.0 -1730.0 710.0 910.0
-1660.0 -1059.0 17968.0 -1840.0 383.0 892.0
-2100.0 -951.0 17968.0 -1799.0 491.0 1191.0
-1080.0 -1251.0 17888.0 -1658.0 461.0 1576.0
-1112.0 -963.0 18156.0 -1803.0 589.0 1817.0
-964.0 -1327.0 17872.0 -1860.0 383.0 1770.0
-328.0 -1167.0 18168.0 -1869.0 1094.0 1538.0
-728.0 -1023.0 18312.0 -1882.0 818.0 1282.0
-756.0 -1475.0 18088.0 -1822.0 707.0 1078.0
-1468.0 -1019.0 17732.0 -1805.0 597.0 1292.0
-1132.0 -1415.0 17832.0 -1870.0 517.0 1769.0
-592.0 -1683.0 17948.0 -1719.0 618.0 1979.0
-468.0 -1471.0 18328.0 -1863.0 471.0 2026.0
188.0 -1599.0 17864.0 -1694.0 786.0 1674.0
452.0 -1631.0 17912.0 -1657.0 592.0 1213.0
812.0 -1991.0 18196.0 -1706.0 852.0 380.0
1396.0 -2123.0 18088.0 -1832.0 820.0 -857.0
2104.0 -2095.0 18176.0 -1741.0 568.0 -2316.0
944.0 -1891.0 18260.0 -1653.0 851.0 -3286.0
-276.0 -1699.0 17984.0 -1650.0 736.0 -3183.0
-900.0 -1595.0 18348.0 -1618.0 502.0 -2545.0
-1448.0 -1327.0 18372.0 -1837.0 768.0 -1186.0
-1260.0 -875.0 18344.0 -1633.0 341.0 185.0
-960.0 -639.0 18264.0 -1838.0 362.0 1298.0
-240.0 -855.0 18404.0 -1729.0 627.0 1316.0
304.0 -1595.0 18140.0 -1775.0 754.0 527.0
12.0 -2127.0 18140.0 -1807.0 570.0 -418.0
276.0 -1007.0 17948.0 -1843.0 493.0 -784.0
924.0 85.0 17980.0 -1784.0 812.0 -271.0
244.0 -135.0 18100.0 -1812.0 432.0 558.0
912.0 -587.0 18088.0 -1998.0 703.0 1211.0
972.0 -731.0 18112.0 -1859.0 779.0 889.0
80.0 -951.0 18020.0 -1945.0 827.0 321.0
-1512.0 -355.0 18032.0 -1987.0 919.0 1340.0
-2800.0 -959.0 17824.0 -1981.0 759.0 4354.0
324.0 165.0 18280.0 -1680.0 510.0 4387.0
1524.0 -235.0 18148.0 -1815.0 507.0 2607.0
1696.0 -255.0 18136.0 -1397.0 228.0 -35.0
2076.0 -11.0 18096.0 -1719.0 552.0 -1562.0
1304.0 -219.0 17908.0 -1358.0 675.0 -2099.0
816.0 -71.0 18344.0 -1788.0 787.0 -1170.0
320.0 -727.0 17984.0 -1778.0 557.0 -28.0
596.0 -483.0 18072.0 -1699.0 502.0 246.0
984.0 -267.0 18220.0 -1871.0 708.0 151.0
1824.0 409.0 18136.0 -1918.0 794.0 175.0
1224.0 -399.0 18064.0 -1622.0 795.0 233.0
2132.0 -211.0 17928.0 -1838.0 820.0 -83.0
1884.0 -347.0 18652.0 -1820.0 837.0 -1013.0
1356.0 -547.0 18112.0 -1947.0 714.0 -1923.0
232.0 -723.0 18080.0 -1909.0 708.0 -1963.0
-204.0 -455.0 17880.0 -1893.0 782.0 -1200.0
200.0 485.0 18032.0 -1885.0 565.0 -258.0
604.0 17.0 18196.0 -1918.0 580.0 204.0
1104.0 -95.0 17968.0 -1780.0 840.0 142.0
1224.0 -347.0 18304.0 -1763.0 709.0 27.0
1240.0 -631.0 18396.0 -1749.0 838.0 -140.0
1088.0 -311.0 18028.0 -1674.0 833.0 -277.0
1028.0 -335.0 18060.0 -1727.0 724.0 -230.0
1284.0 737.0 18360.0 -1500.0 564.0 -142.0
1108.0 13.0 18088.0 -1856.0 695.0 -87.0
880.0 517.0 18440.0 -1859.0 615.0 114.0
964.0 125.0 18008.0 -1843.0 524.0 225.0
964.0 229.0 18284.0 -1791.0 622.0 224.0
1080.0 -139.0 18284.0 -1951.0 683.0 182.0
460.0 301.0 18476.0 -1847.0 774.0 351.0
664.0 17.0 18248.0 -1872.0 591.0 473.0
1104.0 -75.0 18096.0 -1819.0 707.0 205.0
1172.0 -351.0 17984.0 -1703.0 768.0 -329.0
676.0 385.0 18108.0 -1674.0 636.0 -798.0
572.0 217.0 18392.0 -1647.0 661.0 -945.0
748.0 -351.0 17948.0 -1668.0 677.0 -626.0
728.0 221.0 17936.0 -1755.0 307.0 -16.0
628.0 333.0 18260.0 -1529.0 207.0 286.0
1040.0 329.0 18196.0 -1625.0 412.0 -42.0
1140.0 317.0 17948.0 -1792.0 446.0 -598.0
604.0 489.0 18272.0 -1850.0 541.0 -848.0
816.0 -79.0 18048.0 -1750.0 571.0 -805.0
412.0 817.0 18236.0 -1841.0 421.0 -694.0
1404.0 17.0 18100.0 -1761.0 563.0 -916.0
812.0 461.0 18140.0 -1762.0 504.0 -1384.0
1240.0 -99.0 17924.0 -1813.0 500.0 -1409.0
412.0 425.0 18208.0 -1699.0 464.0 -1064.0
104.0 597.0 17924.0 -1625.0 535.0 -552.0
-524.0 637.0 18152.0 -1676.0 587.0 -55.0
-820.0 769.0 18104.0 -1764.0 482.0 -97.0
-260.0 681.0 18200.0 -1689.0 685.0 -622.0
-44.0 765.0 17848.0 -1754.0 604.0 -1123.0
-24.0 809.0 17984.0 -1794.0 617.0 -1293.0
-72.0 825.0 17916.0 -1885.0 676.0 -717.0
44.0 469.0 18072.0 -1850.0 275.0 -120.0
-404.0 693.0 17832.0 -1861.0 499.0 -359.0
-940.0 453.0 18184.0 -1775.0 750.0 -800.0
-908.0 449.0 18400.0 -1871.0 817.0 -922.0
-852.0 709.0 18308.0 -1804.0 654.0 -669.0
-324.0 613.0 18028.0 -1756.0 503.0 -709.0
-340.0 677.0 18152.0 -1741.0 621.0 -844.0
-1064.0 585.0 18164.0 -1716.0 246.0 -1125.0
-960.0 509.0 18180.0 -1730.0 481.0 -1115.0
-1244.0 393.0 18156.0 -1713.0 645.0 -1037.0
-1300.0 157.0 18176.0 -1751.0 711.0 -840.0
-1424.0 193.0 18360.0 -1741.0 859.0 -474.0
-1568.0 389.0 17928.0 -1698.0 922.0 -126.0
-1220.0 565.0 17960.0 -1841.0 788.0 -119.0
-1260.0 341.0 18020.0 -1803.0 741.0 -149.0
-1380.0 465.0 18116.0 -1832.0 732.0 47.0
-1628.0 305.0 18008.0 -1799.0 553.0 427.0
-1660.0 333.0 18240.0 -1805.0 618.0 580.0
-1344.0 265.0 18164.0 -1792.0 698.0 517.0
-716.0 25.0 18004.0 -1795.0 604.0 580.0
-652.0 -151.0 18660.0 -1766.0 506.0 725.0
-320.0 -119.0 18016.0 -1793.0 456.0 590.0
-224.0 -267.0 18056.0 -1796.0 549.0 205.0
-216.0 -163.0 18252.0 -1764.0 584.0 -111.0
-136.0 -63.0 18108.0 -1752.0 570.0 -57.0
-224.0 93.0 18168.0 -1746.0 457.0 20.0
-232.0 13.0 18200.0 -1754.0 408.0 185.0
